0
1.00784
4.002602
6.938
9.0121831
10.806
12.0096
14.00643
15.99903
18.998403
20.1797
22.98976928
24.304
26.9815385
28.084
30.973761998
32.059
35.446
39.948
39.0983
40.078
44.955908
47.867
50.9415
51.9961
54.938044
55.845
58.933194
58.6934
63.546
65.38
69.723
72.630
74.921595
78.971
79.901
83.798
85.4678
87.62
88.90584
91.224
92.90637
95.95
98
101.07
102.90550
106.42
107.8682
112.414
114.818
118.710
121.760
127.60
126.90447
131.293
132.90545196
137.327
138.90547
140.116
140.90766
144.242
145
150.36
151.964
157.25
158.92535
162.500
164.93033
167.259
168.93422
173.054
174.9668
178.49
180.94788
183.84
186.207
190.23
192.217
195.084
196.966569
200.592
204.382
207.2
208.980
209
210
222
223
226
227
232.0377
231.03588
238.02891
